a0
b1
d1
h0
01
10
21
31
41
50
61
71
81
90
101
111
121
01
10
21
31
41
50
61
71
81
90
101
111
121
01
10
21
31
41
50
61
71
81
90
101
111
121
i1
00
11
20
30
40
51
60
70
80
91
100
110
120
00
11
20
30
40
51
60
70
80
91
100
110
120
00
11
20
30
40
51
60
70
80
91
100
110
120
a0
b1
d1
h0
i1
00
e0
j1
k0
01
00
11
21
31
c0
f1
l1
m0
00
g1
n0
o1
00
01
10
20
30
01
10
21
31
41
50
61
71
81
90
101
111
121
e0
j1
00
11
20
30
40
51
60
70
80
91
100
110
120
00
11
20
30
40
51
60
70
80
91
100
110
120
00
11
20
30
40
51
60
70
80
91
100
110
120
k0
01
10
21
31
41
50
61
71
81
90
101
111
121
01
10
21
31
41
50
61
71
81
90
101
111
121
01
10
21
31
41
50
61
71
81
90
101
111
121
a0
b1
d1
h0
i1
00
e0
j1
k0
01
00
11
21
31
c0
f1
l1
m0
00
g1
n0
o1
00
01
10
20
30
01
10
21
31
41
50
61
71
81
90
101
111
121
a0
b1
d1
h0
01
01
01
i1
00
00
00
00
11
21
31
e0
j1
00
00
00
k0
01
01
01
01
10
20
30
00
11
20
30
40
51
60
70
80
91
100
110
120
c0
f1
l1
00
00
00
m0
01
01
01
00
11
21
31
g1
n0
01
01
01
o1
00
00
00
00
11
21
31
01
10
21
31
41
50
61
71
81
90
101
111
121
01
10
21
30
40
50
61
70
80
90
101
110
120
130
140
151
160
170
180
191
200
210
220
231
240
250
260
270
281
290
300
310
321
330
340
350
361
370
380
390
c0
f1
l1
00
11
20
30
40
51
60
70
80
91
100
110
120
00
11
20
30
40
51
60
70
80
91
100
110
120
00
11
20
30
40
51
60
70
80
91
100
110
120
m0
01
10
21
31
41
50
61
71
81
90
101
111
121
01
10
21
31
41
50
61
71
81
90
101
111
121
01
10
21
31
41
50
61
71
81
90
101
111
121
a0
b1
d1
h0
i1
00
e0
j1
k0
01
00
11
21
31
c0
f1
l1
m0
00
g1
n0
o1
00
01
10
20
30
01
10
21
31
41
50
61
71
81
90
101
111
121
g1
n0
01
10
21
31
41
50
61
71
81
90
101
111
121
01
10
21
31
41
50
61
71
81
90
101
111
121
01
10
21
31
41
50
61
71
81
90
101
111
121
o1
00
11
20
30
40
51
60
70
80
91
100
110
120
00
11
20
30
40
51
60
70
80
91
100
110
120
00
11
20
30
40
51
60
70
80
91
100
110
120
a0
b1
d1
h0
i1
00
e0
j1
k0
01
00
11
21
31
c0
f1
l1
m0
00
g1
n0
o1
00
01
10
20
30
01
10
21
31
41
50
61
71
81
90
101
111
121
a0
b1
d1
h0
01
01
01
i1
00
00
00
00
11
21
31
e0
j1
00
00
00
k0
01
01
01
01
10
20
30
00
11
20
30
40
51
60
70
80
91
100
110
120
c0
f1
l1
00
00
00
m0
01
01
01
00
11
21
31
g1
n0
01
01
01
o1
00
00
00
00
11
21
31
01
10
21
31
41
50
61
71
81
90
101
111
121
01
10
21
30
40
50
61
70
80
90
101
110
120
130
140
151
160
170
180
191
200
210
220
231
240
250
260
270
281
290
300
310
321
330
340
350
361
370
380
390
a0
b1
d1
h0
01
10
20
30
01
10
20
30
01
10
20
30
i1
00
11
21
31
00
11
21
31
00
11
21
31
00
11
20
30
40
51
60
70
80
91
100
110
120
e0
j1
00
11
21
31
00
11
21
31
00
11
21
31
k0
01
10
20
30
01
10
20
30
01
10
20
30
01
10
21
31
41
50
61
71
81
90
101
111
121
00
11
20
31
41
51
60
71
81
91
100
111
121
131
141
150
161
171
181
190
201
211
221
230
241
251
261
271
280
291
301
311
320
331
341
351
360
371
381
391
c0
f1
l1
00
11
21
31
00
11
21
31
00
11
21
31
m0
01
10
20
30
01
10
20
30
01
10
20
30
00
11
20
30
40
51
60
70
80
91
100
110
120
g1
n0
01
10
20
30
01
10
20
30
01
10
20
30
o1
00
11
21
31
00
11
21
31
00
11
21
31
00
11
20
30
40
51
60
70
80
91
100
110
120
01
10
21
30
40
50
61
70
80
90
101
110
120
130
140
151
160
170
180
191
200
210
220
231
240
250
260
270
281
290
300
310
321
330
340
350
361
370
380
390
01
10
21
30
41
51
61
70
81
91
101
110
121
131
141
151
160
171
181
191
200
211
221
231
240
251
261
271
281
290
301
311
321
330
341
351
361
370
381
391
401
410
421
430
441
451
461
470
481
491
501
510
521
531
541
551
560
571
581
591
600
611
621
631
640
651
661
671
681
690
701
711
721
730
741
751
761
770
781
791
801
810
821
830
841
851
861
870
881
891
901
910
921
931
941
951
960
971
981
991
1000
1011
1021
1031
1040
1051
1061
1071
1081
1090
1101
1111
1121
1130
1141
1151
1161
1170
1181
1191
1201
